      0.50000000      0.51105779      0.52236009      0.53391242      0.54572016
      0.55778909      0.57012486      0.58273351      0.59562099      0.60879350
      0.62225729      0.63601887      0.65008479      0.66446179      0.67915672
      0.69417667      0.70952874      0.72522038      0.74125904      0.75765240
      0.77440828      0.79153478      0.80904001      0.82693237      0.84522045
      0.86391300      0.88301891      0.90254736      0.92250770      0.94290948
      0.96376246      0.98507661       1.0068620       1.0291295       1.0518893
       1.0751523       1.0989300       1.1232334       1.1480743       1.1734645
       1.1994164       1.2259423       1.2530546       1.2807667       1.3090914
       1.3380427       1.3676344       1.3978803       1.4287952       1.4603939
       1.4926913       1.5257030       1.5594448       1.5939327       1.6291835
       1.6652137       1.7020409       1.7396824       1.7781566       1.8174814
       1.8576761       1.8987597       1.9407518       1.9836727       2.0275426
       2.0723827       2.1182151       2.1650603       2.2129419       2.2618823
       2.3119049       2.3630340       2.4152942       2.4687095       2.5233066
       2.5791106       2.6361494       2.6944489       2.7540381       2.8149457
       2.8771996       2.9408307       3.0058687       3.0723448       3.1402917
       3.2097411       3.2807267       3.3532815       3.4274409       3.5032408
       3.5807166       3.6599064       3.7408476       3.8235784       3.9081390
       3.9945695       4.0829115       4.1732082       4.2655005       4.3598347
       4.4562545       4.5548067       4.6555390       4.7584987       4.8637357
       4.9712996       5.0812430       5.1936178       5.3084779       5.4258785
       5.5458736       5.6685238       5.7938871       5.9220223       6.0529900
       6.1868553       6.3236818       6.4635320       6.6064773       6.7525854
       6.9019213       7.0545616       7.2105775       7.3700418       7.5330348
       7.6996326       7.8699150       8.0439606       8.2218580       8.4036894
       8.5895395       8.7795029       8.9736700       9.1721249       9.3749723
       9.5823059       9.7942247       10.010827       10.232223       10.458515
       10.689809       10.926220       11.167861       11.414842       11.667291
       11.925321       12.189054       12.458622       12.734152       13.015776
       13.303624       13.597842       13.898566       14.205938       14.520111
       14.841232       15.169452       15.504938       15.847839       16.198318
       16.556555       16.922714       17.296970       17.679499       18.070492
       18.470133       18.878605       19.296118       19.722862       20.159046
       20.604876       21.060566       21.526333       22.002396       22.488993
       22.986351       23.494701       24.014301       24.545393       25.088223
       25.643064       26.210176       26.789831       27.382305       27.987883
       28.606852       29.239502       29.886152       30.547102       31.222662
       31.913170       32.618950       33.340328       34.077671       34.831329
       35.601646       36.388988       37.193756       38.016319       38.857063
       39.716408       40.594761       41.492531       42.410164       43.348091
       44.306747       45.286621       46.288162       47.311852       48.358170
       49.427643       50.520763       51.638062       52.780071       53.947334
       55.140415       56.359879       57.606312       58.880314       60.182487
       61.513428       62.873833       64.264328       65.685577       67.138252
       68.623055       70.140694       71.691864       73.277374       74.897949
       76.554359       78.247414       79.977898       81.746620       83.554497
       85.402351       87.291077       89.221581       91.194817       93.211647
       95.273033       97.380051       99.533676       101.73492       103.98486
       106.28455       108.63503       111.03757       113.49323       116.00320
       118.56869       121.19090       123.87112       126.61053       129.41061
       132.27260       135.19789       138.18788       141.24399       144.36769
       147.56039       150.82378       154.15935       157.56876       161.05350
       164.61530       168.25577       171.97685       175.78023       179.66771
       183.64117       187.70251       191.85367       196.09653       200.43332
       204.86603       209.39677       214.02771       218.76106       223.59898
       228.54402       233.59840       238.76459       244.04501       249.44221
       254.95879       260.59723       266.36047       272.25137       278.27237
       284.42654       290.71680       297.14603       303.71759       310.43451
       317.29996       324.31723       331.48972       338.82083       346.31387
       353.97281       361.80115       369.80261       377.98102       386.34030
       394.88425       403.61734       412.54361       421.66727       430.99271
       440.52438       450.26685       460.22452       470.40292       480.80618
       491.43951       502.30801       513.41687       524.77112       536.37677
       548.23907       560.36371       572.75647       585.42334       598.37036
       611.60333       625.12933       638.95447       653.08533       667.52875
       682.29156       697.38086       712.80347       728.56757       744.68030
       761.14935       777.98267       795.18823       812.77429       830.74933
       849.12189       867.90070       887.09491       906.71356       926.76605
       947.26160       968.21088       989.62341       1011.5096       1033.8798
       1056.7446       1080.1146       1104.0021       1128.4177       1153.3734
       1178.8810       1204.9526       1231.6010       1258.8379       1286.6779
       1315.1335       1344.2185       1373.9468       1404.3333       1435.3901
       1467.1346       1499.5813       1532.7455       1566.6431       1601.2903
       1636.7039       1672.8997       1709.8969       1747.7123       1786.3641
       1825.8706       1866.2509       1907.5242       1949.7092       1992.8282
       2036.9009       2081.9482       2127.9917       2175.0537       2223.1550
       2272.3215       2322.5754       2373.9407       2426.4431       2480.1055
       2534.9546       2591.0151       2648.3171       2706.8862       2766.7507
       2827.9392       2890.4807       2954.4041       3019.7424       3086.5259