   16.9999997334445        21.4186575123739        24.5182423107864     
   26.9858174603289        29.0695906377003        30.8910495937829     
   32.5198295972283        33.9999994668890        35.3614244374246     
   36.6253891562656        37.8076609468642        38.9202836365535     
   39.9726890644917        40.9724178485422        41.9256046062356     
   42.8373150247479        43.7117863558007        44.5526030029782     
   45.3628273169959        46.1450987585704        46.9017102630726     
   47.6346678742426        48.3457378994282        49.0364846215727     
   49.7083007702057        50.3624323732557        50.9999992003335     
   51.6220117124667        52.2293852177164        52.8229517729657     
   53.4034702533013        53.9716349206578        54.5280827549431     
   55.0733997581808        55.6081264012853        56.1327623510618     
   56.6477705897591        57.1535810194293        57.6505936272947     
   58.1391812754007        58.6196921673651        59.0924520365156 