  0.000000000000000E+000  1.018928913705128E-005  4.568014000315289E-005
  1.219601248100300E-004  2.191328378430190E-004  3.164699742578374E-004
  4.025937286756672E-004  4.981518228815810E-004  5.998820416727398E-004
  7.121936564440256E-004  8.347825711753885E-004  9.603909127270243E-004
  1.097668733084584E-003  1.208729027351183E-003  1.320908366642364E-003
  1.433419604042903E-003  1.545670026457463E-003  1.660550212786982E-003
  1.778030523226966E-003  1.898079300951371E-003  2.020663645062981E-003
  2.145749971953944E-003  2.273304424711207E-003  2.401227939946392E-003
  2.530785825685033E-003  2.652291347073160E-003  2.766466644924122E-003
  2.881384400962238E-003  2.997037353478168E-003  3.113418177433761E-003
  3.230519525836462E-003  3.348334062506200E-003  3.466854487982707E-003
  3.586073559942547E-003  3.705984109204437E-003  3.826579052178451E-003
  3.947851400440552E-003  4.066677451913204E-003  4.186223911097278E-003
  4.306611523604962E-003  4.427837598818788E-003  4.549899186999958E-003
  1.018928913705128E-005  0.000000000000000E+000  1.709679802152854E-005
  7.602600341304280E-005  1.585754454054395E-004  2.608102688169124E-004
  3.659970316299965E-004  4.730623394225004E-004  5.852682769744510E-004
  7.041880901220601E-004  8.319413179071433E-004  9.686953172050594E-004
  1.106382647738038E-003  1.231568407599403E-003  1.358929776566985E-003
  1.488803087042939E-003  1.621056637583210E-003  1.755573366320080E-003
  1.892248468181677E-003  2.030987509457480E-003  2.171704915436260E-003
  2.313947024990656E-003  2.451011382028758E-003  2.589520822010226E-003
  2.729432782955828E-003  2.860805618527568E-003  2.985122584903081E-003
  3.110096305930093E-003  3.235724642294917E-003  3.362004913992819E-003
  3.488934000866774E-003  3.616508434042937E-003  3.744724443906031E-003
  3.873578030293368E-003  4.003065011508157E-003  4.133181061486994E-003
  4.263921743062296E-003  4.395282535874248E-003  4.527258859826969E-003
  4.659846094820893E-003  4.793039597362140E-003  4.926834714545116E-003
  4.568014000315289E-005  1.709679802152854E-005  0.000000000000000E+000
  2.873614324644455E-005  1.018059458070364E-004  1.885958844940574E-004
  2.841828638342109E-004  3.904900026812040E-004  5.043260035981943E-004
  6.281005911792731E-004  7.565387301325723E-004  8.877000711127934E-004
  1.024684506538504E-003  1.157545646191248E-003  1.296049060185239E-003
  1.436535938627700E-003  1.578704076686890E-003  1.722299324245005E-003
  1.863256409063998E-003  2.006234599629530E-003  2.151282767302817E-003
  2.298315825014375E-003  2.447256135793479E-003  2.598032551219579E-003
  2.750579610304876E-003  2.894351033775023E-003  3.030477232710674E-003
  3.166985506764317E-003  3.303855582041817E-003  3.441068886930917E-003
  3.578608359456740E-003  3.716458281825313E-003  3.854135123640342E-003
  3.986700133484156E-003  4.119795140431162E-003  4.253420481767765E-003
  4.387576047616538E-003  4.522261341703197E-003  4.657475533655106E-003
  4.793217504145905E-003  4.929485883972550E-003  5.066279087967048E-003
  1.219601248100300E-004  7.602600341304280E-005  2.873614324644455E-005
  0.000000000000000E+000  4.892522711358836E-005  1.231877370572895E-004
  2.124434658651937E-004  3.135339431393365E-004  4.253227914878185E-004
  5.447353454032587E-004  6.686541707713574E-004  7.985639018920821E-004
  9.374737225236499E-004  1.069928611235488E-003  1.206003324287726E-003
  1.345734229080752E-003  1.488904741639040E-003  1.635324367054561E-003
  1.784667559659441E-003  1.935679482088452E-003  2.087958198371336E-003
  2.241328977057591E-003  2.395639430353087E-003  2.550755938817895E-003
  2.706310267469763E-003  2.853263632408023E-003  2.992708703196995E-003
  3.132541684828958E-003  3.272740952370999E-003  3.413286746722373E-003
  3.554160959459510E-003  3.695346948479406E-003  3.836829379219435E-003
  3.978594087247675E-003  4.120627958811447E-003  4.262918826558299E-003
  4.405455378140266E-003  4.548227075809766E-003  4.691224085435082E-003
  4.834437213622728E-003  4.977857851844459E-003  5.121477926639799E-003
  2.191328378430190E-004  1.585754454054395E-004  1.018059458070364E-004
  4.892522711358836E-005  0.000000000000000E+000  6.547237464817198E-005
  1.411167410483940E-004  2.370672458638145E-004  3.442890045157205E-004
  4.607391997619092E-004  5.868294320455642E-004  7.195453157045167E-004
  8.542520621413267E-004  9.782069216161965E-004  1.108979663744918E-003
  1.248203698792646E-003  1.391071274414155E-003  1.537372839393465E-003
  1.686923143674255E-003  1.839557190781740E-003  1.995127060255103E-003
  2.153499357368927E-003  2.314553147646272E-003  2.474947827102943E-003
  2.635860876502162E-003  2.786303204565377E-003  2.928258448244613E-003
  3.070612194473207E-003  3.213341342031392E-003  3.356424824593861E-003
  3.499843372774676E-003  3.643579310590147E-003  3.787616380456209E-003
  3.931939591989381E-003  4.076535090778819E-003  4.221390044005634E-003
  4.366492540346039E-003  4.511831502043371E-003  4.657396607393606E-003
  4.803178222180728E-003  4.949167338834527E-003  5.095355522277667E-003
  3.164699742578374E-004  2.608102688169124E-004  1.885958844940574E-004
  1.231877370572895E-004  6.547237464817198E-005  0.000000000000000E+000
  7.918713566593432E-005  1.628078686570618E-004  2.617068521007038E-004
  3.753558861939481E-004  4.975384894035091E-004  6.274852982844069E-004
  7.664224343212064E-004  8.947410238216451E-004  1.023189345945948E-003
  1.154538094797432E-003  1.289471872082706E-003  1.431537319549564E-003
  1.580510951800178E-003  1.732720093574402E-003  1.888004642472562E-003
  2.046220523705150E-003  2.207237382872983E-003  2.370936688356673E-003
  2.537210189947225E-003  2.694285167977197E-003  2.842705939507275E-003
  2.990291467431795E-003  3.135019808831468E-003  3.280113191064870E-003
  3.425551114990119E-003  3.571314804534033E-003  3.717387015372940E-003
  3.863751869846202E-003  4.010394713852528E-003  4.157301992268689E-003
  4.304461140054431E-003  4.451860486705973E-003  4.599489172120066E-003
  4.747337072254360E-003  4.895394733231681E-003  5.043653312751088E-003
  4.025937286756672E-004  3.659970316299965E-004  2.841828638342109E-004
  2.124434658651937E-004  1.411167410483940E-004  7.918713566593432E-005
  0.000000000000000E+000  9.518952940019575E-005  1.871650934770233E-004
  2.860083054451838E-004  4.060816326618946E-004  5.344740756638836E-004
  6.696220418519566E-004  7.959894674525744E-004  9.273702859170122E-004
  1.061410025088867E-003  1.197320619589312E-003  1.335619856322074E-003
  1.477314404064575E-003  1.622358038545435E-003  1.774356731143632E-003
  1.931963206755320E-003  2.092488521506459E-003  2.255805852009661E-003
  2.421799551462825E-003  2.579786553063259E-003  2.730116048359937E-003
  2.880620841182725E-003  3.031233214898561E-003  3.181892962295584E-003
  3.332546403910125E-003  3.483145559134527E-003  3.632059650872679E-003
  3.780096395275810E-003  3.928418622378942E-003  4.077012017521117E-003
  4.225863325927400E-003  4.374960249506144E-003  4.524291356052321E-003
  4.673845999092845E-003  4.823614246897196E-003  4.973586819412593E-003
  4.981518228815810E-004  4.730623394225004E-004  3.904900026812040E-004
  3.135339431393365E-004  2.370672458638145E-004  1.628078686570618E-004
  9.518952940019575E-005  0.000000000000000E+000  1.116441217159625E-004
  2.115059035269596E-004  3.097960875878191E-004  4.362558737296301E-004
  5.707742340146341E-004  6.976576857264587E-004  8.261886704849343E-004
  9.580986594489880E-004  1.095365295936448E-003  1.234964203151196E-003
  1.376643261386229E-003  1.521240622064630E-003  1.669071722948947E-003
  1.820094554199364E-003  1.974264674683806E-003  2.135109587022168E-003
  2.300479954775135E-003  2.459465508568530E-003  2.611703177452861E-003
  2.763661332311569E-003  2.915232339850363E-003  3.067546273705613E-003
  3.220098591065013E-003  3.372692372771325E-003  3.525278024886566E-003
  3.677810954925625E-003  3.830250986219980E-003  3.982561853744016E-003
  4.134710768241993E-003  4.285293389111655E-003  4.436055059511815E-003
  4.587045772883010E-003  4.738255097688113E-003  4.889673294804209E-003
  5.998820416727398E-004  5.852682769744510E-004  5.043260035981943E-004
  4.253227914878185E-004  3.442890045157205E-004  2.617068521007038E-004
  1.871650934770233E-004  1.116441217159625E-004  0.000000000000000E+000
  1.281660333908014E-004  2.355530368872560E-004  3.434246222220321E-004
  4.657689674869368E-004  5.949523119758710E-004  7.241561236080370E-004
  8.564539814210047E-004  9.902104956209295E-004  1.127525794032083E-003
  1.270139383035866E-003  1.414821225013126E-003  1.561354587092522E-003
  1.711168462472814E-003  1.864629763534340E-003  2.021146010878367E-003
  2.180676819118877E-003  2.335580320102273E-003  2.488733763869155E-003
  2.642921045997121E-003  2.796924980115251E-003  2.950635492183614E-003
  3.103955228924848E-003  3.256797891320475E-003  3.409602129732385E-003
  3.563933597730517E-003  3.718252275803430E-003  3.872516796504678E-003
  4.026689700192793E-003  4.180737010173379E-003  4.334627862636984E-003
  4.488334183181316E-003  4.641830403104557E-003  4.794940841982101E-003
  7.121936564440256E-004  7.041880901220601E-004  6.281005911792731E-004
  5.447353454032587E-004  4.607391997619092E-004  3.753558861939481E-004
  2.860083054451838E-004  2.115059035269596E-004  1.281660333908014E-004
  0.000000000000000E+000  1.445525096115923E-004  2.591565303199005E-004
  3.773966329992094E-004  4.871870500557538E-004  6.197397737834648E-004
  7.511619929382725E-004  8.855207843293015E-004  1.022877834387424E-003
  1.161298899963025E-003  1.303609635784190E-003  1.451126524304685E-003
  1.600494068927658E-003  1.751531183601793E-003  1.905175633496950E-003
  2.063846803493149E-003  2.219148131126252E-003  2.370457345358967E-003
  2.522163295832589E-003  2.674182961006632E-003  2.829465650272580E-003
  2.985117125062367E-003  3.140458147674328E-003  3.295400545163811E-003
  3.449865657803306E-003  3.603783190018034E-003  3.757090224448290E-003
  3.911718536479903E-003  4.067554639161882E-003  4.223298200791504E-003
  4.378917442579157E-003  4.534383375771480E-003  4.689669524263532E-003
  8.347825711753885E-004  8.319413179071433E-004  7.565387301325723E-004
  6.686541707713574E-004  5.868294320455642E-004  4.975384894035091E-004
  4.060816326618946E-004  3.097960875878191E-004  2.355530368872560E-004
  1.445525096115923E-004  0.000000000000000E+000  1.606892453867388E-004
  2.822381236078025E-004  4.052709689753926E-004  5.122092749071945E-004
  6.450948130531496E-004  7.802638298975934E-004  9.135017257848200E-004
  1.054313880174524E-003  1.196190129412303E-003  1.338827315948160E-003
  1.485804583176408E-003  1.637852633247614E-003  1.791569101773572E-003
  1.946800515153329E-003  2.098237396547422E-003  2.250430924081281E-003
  2.403477964846128E-003  2.556947758780086E-003  2.710758242234244E-003
  2.864836137181099E-003  3.019115826530170E-003  3.176107358252234E-003
  3.332977031866725E-003  3.489437694797750E-003  3.645417569131616E-003
  3.800852162296802E-003  3.955683449888981E-003  4.109859166014704E-003
  4.263332184802127E-003  4.420288266274904E-003  4.577346090250136E-003
  9.603909127270243E-004  9.686953172050594E-004  8.877000711127934E-004
  7.985639018920821E-004  7.195453157045167E-004  6.274852982844069E-004
  5.344740756638836E-004  4.362558737296301E-004  3.434246222220321E-004
  2.591565303199005E-004  1.606892453867388E-004  0.000000000000000E+000
  1.765129040731498E-004  3.008950914712722E-004  4.323458023269897E-004
  5.478107380968723E-004  6.707486133486813E-004  8.097907367430470E-004
  9.461140299604158E-004  1.084631479054364E-003  1.229827712214407E-003
  1.375791096696880E-003  1.522277226280448E-003  1.673652200872114E-003
  1.829914457474766E-003  1.982826757851239E-003  2.132438392561933E-003
  2.282287121910271E-003  2.434929542381175E-003  2.590042494533243E-003
  2.745518438308897E-003  2.901284981594308E-003  3.057277085315535E-003
  3.213436173605135E-003  3.369741247613957E-003  3.528052266481990E-003
  3.685942474203618E-003  3.843346271844045E-003  4.000204434243405E-003
  4.156463427952966E-003  4.312074814754235E-003  4.466994728344087E-003
  1.097668733084584E-003  1.106382647738038E-003  1.024684506538504E-003
  9.374737225236499E-004  8.542520621413267E-004  7.664224343212064E-004
  6.696220418519566E-004  5.707742340146341E-004  4.657689674869368E-004
  3.773966329992094E-004  2.822381236078025E-004  1.765129040731498E-004
  0.000000000000000E+000  1.911939471403617E-004  3.267756457919193E-004
  4.587527597653113E-004  5.825928045299452E-004  6.965092044459321E-004
  8.395195927862546E-004  9.798153973869120E-004  1.116304639592464E-003
  1.262322702992941E-003  1.411486699678430E-003  1.561183250672045E-003
  1.711211840272809E-003  1.862215877329305E-003  2.013427871381753E-003
  2.164974473209249E-003  2.316769766694566E-003  2.468737614962177E-003
  2.621685150597285E-003  2.778722976740210E-003  2.936070789348253E-003
  3.093664354592641E-003  3.251445649454079E-003  3.409362148866658E-003
  3.567366210367977E-003  3.725556744980436E-003  3.884799557244961E-003
  4.043549032812201E-003  4.201750714440561E-003  4.359355172328613E-003
  1.208729027351183E-003  1.231568407599403E-003  1.157545646191248E-003
  1.069928611235488E-003  9.782069216161965E-004  8.947410238216451E-004
  7.959894674525744E-004  6.976576857264587E-004  5.949523119758710E-004
  4.871870500557538E-004  4.052709689753926E-004  3.008950914712722E-004
  1.911939471403617E-004  0.000000000000000E+000  2.056615238425640E-004
  3.530002471812719E-004  4.844905413223647E-004  6.165474039692225E-004
  7.312501115731966E-004  8.692864757936178E-004  1.013600884809390E-003
  1.154164514451795E-003  1.293767678806802E-003  1.446022244681315E-003
  1.598812477782075E-003  1.747726106651960E-003  1.892614588502156E-003
  2.042664120259295E-003  2.196046086599808E-003  2.349685213638274E-003
  2.503507470356216E-003  2.657446821487980E-003  2.811444215154597E-003
  2.969411249012462E-003  3.128513000638940E-003  3.287820264938721E-003
  3.447281033491816E-003  3.606848010039013E-003  3.766478108068887E-003
  3.926132012161973E-003  4.085902938182382E-003  4.245929558283168E-003
  1.320908366642364E-003  1.358929776566985E-003  1.296049060185239E-003
  1.206003324287726E-003  1.108979663744918E-003  1.023189345945948E-003
  9.273702859170122E-004  8.261886704849343E-004  7.241561236080370E-004
  6.197397737834648E-004  5.122092749071945E-004  4.323458023269897E-004
  3.267756457919193E-004  2.056615238425640E-004  0.000000000000000E+000
  2.199019271283515E-004  3.792195801810826E-004  5.095689897417363E-004
  6.496810028711796E-004  7.725758023568993E-004  8.989704053693267E-004
  1.047334982223804E-003  1.191982138361779E-003  1.332118418074280E-003
  1.479488725219746E-003  1.631380129783342E-003  1.779668063163779E-003
  1.927062996738307E-003  2.073453995916362E-003  2.225814784344216E-003
  2.381209019802101E-003  2.536794398083400E-003  2.692506605868247E-003
  2.848287945629961E-003  3.004086542222082E-003  3.162008774233337E-003
  3.322760021747543E-003  3.483680590701905E-003  3.644723661042656E-003
  3.805846479217928E-003  3.967009944118980E-003  4.128178243174748E-003
  1.433419604042903E-003  1.488803087042939E-003  1.436535938627700E-003
  1.345734229080752E-003  1.248203698792646E-003  1.154538094797432E-003
  1.061410025088867E-003  9.580986594489880E-004  8.564539814210047E-004
  7.511619929382725E-004  6.450948130531496E-004  5.478107380968723E-004
  4.587527597653113E-004  3.530002471812719E-004  2.199019271283515E-004
  0.000000000000000E+000  2.338922657135739E-004  4.053096588684284E-004
  5.340046810272880E-004  6.820092709520146E-004  8.129197236255004E-004
  9.284819629927696E-004  1.080915820855332E-003  1.229648482142109E-003
  1.373934485513265E-003  1.509494784610803E-003  1.659836419965809E-003
  1.810512863804362E-003  1.960317378315026E-003  2.109143153977038E-003
  2.256897460398180E-003  2.411484967204081E-003  2.568753778186795E-003
  2.726157027044600E-003  2.883638438255414E-003  3.041147268149154E-003
  3.198637674508255E-003  3.356425657317669E-003  3.518733233240144E-003
  3.681177502408000E-003  3.843716146543745E-003  4.006310378812281E-003
  1.545670026457463E-003  1.621056637583210E-003  1.578704076686890E-003
  1.488904741639040E-003  1.391071274414155E-003  1.289471872082706E-003
  1.197320619589312E-003  1.095365295936448E-003  9.902104956209295E-004
  8.855207843293015E-004  7.802638298975934E-004  6.707486133486813E-004
  5.825928045299452E-004  4.844905413223647E-004  3.792195801810826E-004
  2.338922657135739E-004  0.000000000000000E+000  2.476199054360714E-004
  4.311830096261022E-004  5.578181034964235E-004  7.135535683657620E-004
  8.523077809729884E-004  9.733069150590187E-004  1.114266886912230E-003
  1.267080547984159E-003  1.409594308202133E-003  1.545781828486168E-003
  1.687367849867056E-003  1.840350288189758E-003  1.992478027275253E-003
  2.143648353216724E-003  2.293771697975470E-003  2.442769866173569E-003
  2.599514638624900E-003  2.758536843785459E-003  2.917644455035995E-003
  3.076787913416502E-003  3.235922328960564E-003  3.395006973662455E-003
  3.554004839532868E-003  3.716359989614969E-003  3.880247469464753E-003
  1.660550212786982E-003  1.755573366320080E-003  1.722299324245005E-003
  1.635324367054561E-003  1.537372839393465E-003  1.431537319549564E-003
  1.335619856322074E-003  1.234964203151196E-003  1.127525794032083E-003
  1.022877834387424E-003  9.135017257848200E-004  8.097907367430470E-004
  6.965092044459321E-004  6.165474039692225E-004  5.095689897417363E-004
  4.053096588684284E-004  2.476199054360714E-004  0.000000000000000E+000
  2.610791460322879E-004  4.567782515327444E-004  5.810318367727551E-004
  7.443386102989475E-004  8.907694798781671E-004  1.019620073807670E-003
  1.147330945793284E-003  1.296715321238196E-003  1.438006909286615E-003
  1.578416258596120E-003  1.718684576161381E-003  1.869257412315958E-003
  2.023630681775039E-003  2.177064572780243E-003  2.329472676205593E-003
  2.480779251894979E-003  2.630917861913498E-003  2.789762674676507E-003
  2.950430872173049E-003  3.111141828529854E-003  3.271851648632419E-003
  3.432520411268682E-003  3.593111756831573E-003  3.753592525540891E-003
  1.778030523226966E-003  1.892248468181677E-003  1.863256409063998E-003
  1.784667559659441E-003  1.686923143674255E-003  1.580510951800178E-003
  1.477314404064575E-003  1.376643261386229E-003  1.270139383035866E-003
  1.161298899963025E-003  1.054313880174524E-003  9.461140299604158E-004
  8.395195927862546E-004  7.312501115731966E-004  6.496810028711796E-004
  5.340046810272880E-004  4.311830096261022E-004  2.610791460322879E-004
  0.000000000000000E+000  2.742689922850771E-004  4.820528657756171E-004
  6.175069606778644E-004  7.743909057472060E-004  9.283362769626232E-004
  1.064863295412400E-003  1.175225927868812E-003  1.318397008425163E-003
  1.463542375037044E-003  1.607827822979884E-003  1.751959584954895E-003
  1.897301184923514E-003  2.053849515601961E-003  2.209473698898502E-003
  2.364090449487142E-003  2.517626493490447E-003  2.670017319711661E-003
  2.821206110026954E-003  2.982103753271896E-003  3.144322154898279E-003
  3.306546027275983E-003  3.468736290589452E-003  3.630857272968999E-003
  1.898079300951371E-003  2.030987509457480E-003  2.006234599629530E-003
  1.935679482088452E-003  1.839557190781740E-003  1.732720093574402E-003
  1.622358038545435E-003  1.521240622064630E-003  1.414821225013126E-003
  1.303609635784190E-003  1.196190129412303E-003  1.084631479054364E-003
  9.798153973869120E-004  8.692864757936178E-004  7.725758023568993E-004
  6.820092709520146E-004  5.578181034964235E-004  4.567782515327444E-004
  2.742689922850771E-004  0.000000000000000E+000  2.871916364167635E-004
  5.069780961168691E-004  6.541253173354371E-004  8.037377124966863E-004
  9.650404570983157E-004  1.104792483786090E-003  1.214892722121862E-003
  1.337856221153545E-003  1.486533282241276E-003  1.634382365886292E-003
  1.782076585013526E-003  1.930211687021590E-003  2.083199364245981E-003
  2.240947073530335E-003  2.397703254755669E-003  2.553397086446340E-003
  2.707966002973451E-003  2.861354711963624E-003  3.013514345879763E-003
  3.176425889711885E-003  3.340108582509283E-003  3.503763991853003E-003
  2.020663645062981E-003  2.171704915436260E-003  2.151282767302817E-003
  2.087958198371336E-003  1.995127060255103E-003  1.888004642472562E-003
  1.774356731143632E-003  1.669071722948947E-003  1.561354587092522E-003
  1.451126524304685E-003  1.338827315948160E-003  1.229827712214407E-003
  1.116304639592464E-003  1.013600884809390E-003  8.989704053693267E-004
  8.129197236255004E-004  7.135535683657620E-004  5.810318367727551E-004
  4.820528657756171E-004  2.871916364167635E-004  0.000000000000000E+000
  2.998514119049798E-004  5.315353010139905E-004  6.903487802704673E-004
  8.324063402968130E-004  9.995994815037933E-004  1.142107414466829E-003
  1.256288602785214E-003  1.355345805629948E-003  1.507263816000194E-003
  1.658393361651996E-003  1.809376240532154E-003  1.960782542532968E-003
  2.113119819987585E-003  2.271547425044111E-003  2.430379696006505E-003
  2.588165823692189E-003  2.744845187078070E-003  2.900364042177529E-003
  3.054674738885212E-003  3.207735039873152E-003  3.372628455728591E-003
  2.145749971953944E-003  2.313947024990656E-003  2.298315825014375E-003
  2.241328977057591E-003  2.153499357368927E-003  2.046220523705150E-003
  1.931963206755320E-003  1.820094554199364E-003  1.711168462472814E-003
  1.600494068927658E-003  1.485804583176408E-003  1.375791096696880E-003
  1.262322702992941E-003  1.154164514451795E-003  1.047334982223804E-003
  9.284819629927696E-004  8.523077809729884E-004  7.443386102989475E-004
  6.175069606778644E-004  5.069780961168691E-004  2.998514119049798E-004
  0.000000000000000E+000  3.122540651547683E-004  5.557133115875685E-004
  7.261393180533804E-004  8.611302674607168E-004  1.033485195218952E-003
  1.180498451028157E-003  1.299091416290459E-003  1.386621778735526E-003
  1.525978296060034E-003  1.680131009286439E-003  1.834152897521729E-003
  1.988589622696363E-003  2.143928567849604E-003  2.301330354884357E-003
  2.462180425545953E-003  2.621998678937597E-003  2.780726422482838E-003
  2.938311467375382E-003  3.094707405040634E-003  3.249872975718488E-003
  2.273304424711207E-003  2.451011382028758E-003  2.447256135793479E-003
  2.395639430353087E-003  2.314553147646272E-003  2.207237382872983E-003
  2.092488521506459E-003  1.974264674683806E-003  1.864629763534340E-003
  1.751531183601793E-003  1.637852633247614E-003  1.522277226280448E-003
  1.411486699678430E-003  1.293767678806802E-003  1.191982138361779E-003
  1.080915820855332E-003  9.733069150590187E-004  8.907694798781671E-004
  7.743909057472060E-004  6.541253173354371E-004  5.315353010139905E-004
  3.122540651547683E-004  0.000000000000000E+000  3.244062447021605E-004
  5.795064972129393E-004  7.614743698282944E-004  8.904861300290625E-004
  1.067934479536125E-003  1.219742136922470E-003  1.343031656945474E-003
  1.435323005182691E-003  1.542887946186523E-003  1.699829476372610E-003
  1.856662233783039E-003  2.013908654887322E-003  2.172036802693538E-003
  2.331466792319786E-003  2.493159456829537E-003  2.654954276746432E-003
  2.815673167394420E-003  2.975265489521070E-003  3.133686087394408E-003
  2.401227939946392E-003  2.589520822010226E-003  2.598032551219579E-003
  2.550755938817895E-003  2.474947827102943E-003  2.370936688356673E-003
  2.255805852009661E-003  2.135109587022168E-003  2.021146010878367E-003
  1.905175633496950E-003  1.791569101773572E-003  1.673652200872114E-003
  1.561183250672045E-003  1.446022244681315E-003  1.332118418074280E-003
  1.229648482142109E-003  1.114266886912230E-003  1.019620073807670E-003
  9.283362769626232E-004  8.037377124966863E-004  6.903487802704673E-004
  5.557133115875685E-004  3.244062447021605E-004  0.000000000000000E+000
  3.363151412267875E-004  6.020814189315842E-004  7.959458057332086E-004
  9.200307796878382E-004  1.102803539199779E-003  1.259651972298237E-003
  1.387882939293791E-003  1.485166174795695E-003  1.558176318983253E-003
  1.717692722089459E-003  1.877127425521242E-003  2.036980804910324E-003
  2.197702447078831E-003  2.359697001160721E-003  2.523329238673429E-003
  2.687085055012002E-003  2.849742078449726E-003  3.011287168617422E-003
  2.530785825685033E-003  2.729432782955828E-003  2.750579610304876E-003
  2.706310267469763E-003  2.635860876502162E-003  2.537210189947225E-003
  2.421799551462825E-003  2.300479954775135E-003  2.180676819118877E-003
  2.063846803493149E-003  1.946800515153329E-003  1.829914457474766E-003
  1.711211840272809E-003  1.598812477782075E-003  1.479488725219746E-003
  1.373934485513265E-003  1.267080547984159E-003  1.147330945793284E-003
  1.064863295412400E-003  9.650404570983157E-004  8.324063402968130E-004
  7.261393180533804E-004  5.795064972129393E-004  3.363151412267875E-004
  0.000000000000000E+000  3.471644199188791E-004  6.234606466327357E-004
  8.294859537389430E-004  9.659078247278094E-004  1.137972918447917E-003
  1.300071738094614E-003  1.433454410673013E-003  1.535929062197164E-003
  1.605591041518173E-003  1.733899217509758E-003  1.895744159559823E-003
  2.058017941249985E-003  2.221152501850835E-003  2.385537623116100E-003
  2.551525563007336E-003  2.718438195195341E-003  2.882984043014527E-003
  2.652291347073160E-003  2.860805618527568E-003  2.894351033775023E-003
  2.853263632408023E-003  2.786303204565377E-003  2.694285167977197E-003
  2.579786553063259E-003  2.459465508568530E-003  2.335580320102273E-003
  2.219148131126252E-003  2.098237396547422E-003  1.982826757851239E-003
  1.862215877329305E-003  1.747726106651960E-003  1.631380129783342E-003
  1.509494784610803E-003  1.409594308202133E-003  1.296715321238196E-003
  1.175225927868812E-003  1.104792483786090E-003  9.995994815037933E-004
  8.611302674607168E-004  7.614743698282944E-004  6.020814189315842E-004
  3.471644199188791E-004  0.000000000000000E+000  3.571088151122301E-004
  6.442901713186038E-004  8.621472881667777E-004  1.011344135483016E-003
  1.173343093887368E-003  1.340870170916407E-003  1.479584663374906E-003
  1.587422733693013E-003  1.662585089039734E-003  1.748605801612798E-003
  1.912684738337324E-003  2.077206956586615E-003  2.242587554687765E-003
  2.409202043029199E-003  2.577390594129790E-003  2.747461757799026E-003
  2.766466644924122E-003  2.985122584903081E-003  3.030477232710674E-003
  2.992708703196995E-003  2.928258448244613E-003  2.842705939507275E-003
  2.730116048359937E-003  2.611703177452861E-003  2.488733763869155E-003
  2.370457345358967E-003  2.250430924081281E-003  2.132438392561933E-003
  2.013427871381753E-003  1.892614588502156E-003  1.779668063163779E-003
  1.659836419965809E-003  1.545781828486168E-003  1.438006909286615E-003
  1.318397008425163E-003  1.214892722121862E-003  1.142107414466829E-003
  1.033485195218952E-003  8.904861300290625E-004  7.959458057332086E-004
  6.234606466327357E-004  3.571088151122301E-004  0.000000000000000E+000
  3.668093279475146E-004  6.645997846807447E-004  8.939778900482958E-004
  1.055602827404027E-003  1.208830955475211E-003  1.381936684574328E-003
  1.526136816032510E-003  1.639486116704619E-003  1.720283467733191E-003
  1.767041210800952E-003  1.928101465526417E-003  2.094713340032825E-003
  2.262185514634044E-003  2.430879815617027E-003  2.601124762441442E-003
  2.881384400962238E-003  3.110096305930093E-003  3.166985506764317E-003
  3.132541684828958E-003  3.070612194473207E-003  2.990291467431795E-003
  2.880620841182725E-003  2.763661332311569E-003  2.642921045997121E-003
  2.522163295832589E-003  2.403477964846128E-003  2.282287121910271E-003
  2.164974473209249E-003  2.042664120259295E-003  1.927062996738307E-003
  1.810512863804362E-003  1.687367849867056E-003  1.578416258596120E-003
  1.463542375037044E-003  1.337856221153545E-003  1.256288602785214E-003
  1.180498451028157E-003  1.067934479536125E-003  9.200307796878382E-004
  8.294859537389430E-004  6.442901713186038E-004  3.668093279475146E-004
  0.000000000000000E+000  3.762787833760503E-004  6.844168757483196E-004
  9.250219276006229E-004  1.098747312337865E-003  1.244366977034528E-003
  1.423177909503288E-003  1.572994514047922E-003  1.691981562308220E-003
  1.778529492197907E-003  1.831226754066981E-003  1.942129456496894E-003
  2.110684148953653E-003  2.280104725139591E-003  2.450739901314847E-003
  2.997037353478168E-003  3.235724642294917E-003  3.303855582041817E-003
  3.272740952370999E-003  3.213341342031392E-003  3.135019808831468E-003
  3.031233214898561E-003  2.915232339850363E-003  2.796924980115251E-003
  2.674182961006632E-003  2.556947758780086E-003  2.434929542381175E-003
  2.316769766694566E-003  2.196046086599808E-003  2.073453995916362E-003
  1.960317378315026E-003  1.840350288189758E-003  1.718684576161381E-003
  1.607827822979884E-003  1.486533282241276E-003  1.355345805629948E-003
  1.299091416290459E-003  1.219742136922470E-003  1.102803539199779E-003
  9.659078247278094E-004  8.621472881667777E-004  6.645997846807447E-004
  3.762787833760503E-004  0.000000000000000E+000  3.855289928178064E-004
  7.037666832141583E-004  9.553200727362134E-004  1.140835907122805E-003
  1.279892926503762E-003  1.464514876294540E-003  1.620058657857401E-003
  1.744791198367502E-003  1.837188396321868E-003  1.895910113963856E-003
  1.954888985411400E-003  2.125250496005411E-003  2.296486574306493E-003
  3.113418177433761E-003  3.362004913992819E-003  3.441068886930917E-003
  3.413286746722373E-003  3.356424824593861E-003  3.280113191064870E-003
  3.181892962295584E-003  3.067546273705613E-003  2.950635492183614E-003
  2.829465650272580E-003  2.710758242234244E-003  2.590042494533243E-003
  2.468737614962177E-003  2.349685213638274E-003  2.225814784344216E-003
  2.109143153977038E-003  1.992478027275253E-003  1.869257412315958E-003
  1.751959584954895E-003  1.634382365886292E-003  1.507263816000194E-003
  1.386621778735526E-003  1.343031656945474E-003  1.259651972298237E-003
  1.137972918447917E-003  1.011344135483016E-003  8.939778900482958E-004
  6.844168757483196E-004  3.855289928178064E-004  0.000000000000000E+000
  3.945708592532934E-004  7.226725157493413E-004  9.849098635195932E-004
  1.181922373083718E-003  1.315360001865849E-003  1.505880710195874E-003
  1.667244711657185E-003  1.797813916298547E-003  1.896144064682074E-003
  1.960962061322820E-003  1.991146322034943E-003  2.138529642005221E-003
  3.230519525836462E-003  3.488934000866774E-003  3.578608359456740E-003
  3.554160959459510E-003  3.499843372774676E-003  3.425551114990119E-003
  3.332546403910125E-003  3.220098591065013E-003  3.103955228924848E-003
  2.985117125062367E-003  2.864836137181099E-003  2.745518438308897E-003
  2.621685150597285E-003  2.503507470356216E-003  2.381209019802101E-003
  2.256897460398180E-003  2.143648353216724E-003  2.023630681775039E-003
  1.897301184923514E-003  1.782076585013526E-003  1.658393361651996E-003
  1.525978296060034E-003  1.435323005182691E-003  1.387882939293791E-003
  1.300071738094614E-003  1.173343093887368E-003  1.055602827404027E-003
  9.250219276006229E-004  7.037666832141583E-004  3.945708592532934E-004
  0.000000000000000E+000  4.034144690639487E-004  7.411559449707675E-004
  1.013826020751102E-003  1.222056385128286E-003  1.366501075576960E-003
  1.547218733714079E-003  1.714480478089808E-003  1.850962868877722E-003
  1.955296307536739E-003  2.026270676530016E-003  2.062817424962296E-003
  3.348334062506200E-003  3.616508434042937E-003  3.716458281825313E-003
  3.695346948479406E-003  3.643579310590147E-003  3.571314804534033E-003
  3.483145559134527E-003  3.372692372771325E-003  3.256797891320475E-003
  3.140458147674328E-003  3.019115826530170E-003  2.901284981594308E-003
  2.778722976740210E-003  2.657446821487980E-003  2.536794398083400E-003
  2.411484967204081E-003  2.293771697975470E-003  2.177064572780243E-003
  2.053849515601961E-003  1.930211687021590E-003  1.809376240532154E-003
  1.680131009286439E-003  1.542887946186523E-003  1.485166174795695E-003
  1.433454410673013E-003  1.340870170916407E-003  1.208830955475211E-003
  1.098747312337865E-003  9.553200727362134E-004  7.226725157493413E-004
  4.034144690639487E-004  0.000000000000000E+000  4.120691725528771E-004
  7.592369749764579E-004  1.042100725457095E-003  1.261283941304568E-003
  1.417429515090171E-003  1.588480897233735E-003  1.761704249269587E-003
  1.904163382659546E-003  2.014558578703248E-003  2.091738917516377E-003
  3.466854487982707E-003  3.744724443906031E-003  3.854135123640342E-003
  3.836829379219435E-003  3.787616380456209E-003  3.717387015372940E-003
  3.632059650872679E-003  3.525278024886566E-003  3.409602129732385E-003
  3.295400545163811E-003  3.176107358252234E-003  3.057277085315535E-003
  2.936070789348253E-003  2.811444215154597E-003  2.692506605868247E-003
  2.568753778186795E-003  2.442769866173569E-003  2.329472676205593E-003
  2.209473698898502E-003  2.083199364245981E-003  1.960782542532968E-003
  1.834152897521729E-003  1.699829476372610E-003  1.558176318983253E-003
  1.535929062197164E-003  1.479584663374906E-003  1.381936684574328E-003
  1.244366977034528E-003  1.140835907122805E-003  9.849098635195932E-004
  7.411559449707675E-004  4.120691725528771E-004  0.000000000000000E+000
  4.205436547659874E-004  7.769341917405975E-004  1.069763862932442E-003
  1.299647721754322E-003  1.467217594813084E-003  1.629626474851159E-003
  1.808863263511114E-003  1.957351208635279E-003  2.073856056207735E-003
  3.586073559942547E-003  3.873578030293368E-003  3.986700133484156E-003
  3.978594087247675E-003  3.931939591989381E-003  3.863751869846202E-003
  3.780096395275810E-003  3.677810954925625E-003  3.563933597730517E-003
  3.449865657803306E-003  3.332977031866725E-003  3.213436173605135E-003
  3.093664354592641E-003  2.969411249012462E-003  2.848287945629961E-003
  2.726157027044600E-003  2.599514638624900E-003  2.480779251894979E-003
  2.364090449487142E-003  2.240947073530335E-003  2.113119819987585E-003
  1.988589622696363E-003  1.856662233783039E-003  1.717692722089459E-003
  1.605591041518173E-003  1.587422733693013E-003  1.526136816032510E-003
  1.423177909503288E-003  1.279892926503762E-003  1.181922373083718E-003
  1.013826020751102E-003  7.592369749764579E-004  4.205436547659874E-004
  0.000000000000000E+000  4.288459979717835E-004  7.942648951444995E-004
  1.096843238055530E-003  1.337187404454846E-003  1.515918263411851E-003
  1.670620975843327E-003  1.855912411721963E-003  2.010471050269884E-003
  3.705984109204437E-003  4.003065011508157E-003  4.119795140431162E-003
  4.120627958811447E-003  4.076535090778819E-003  4.010394713852528E-003
  3.928418622378942E-003  3.830250986219980E-003  3.718252275803430E-003
  3.603783190018034E-003  3.489437694797750E-003  3.369741247613957E-003
  3.251445649454079E-003  3.128513000638940E-003  3.004086542222082E-003
  2.883638438255414E-003  2.758536843785459E-003  2.630917861913498E-003
  2.517626493490447E-003  2.397703254755669E-003  2.271547425044111E-003
  2.143928567849604E-003  2.013908654887322E-003  1.877127425521242E-003
  1.733899217509758E-003  1.662585089039734E-003  1.639486116704619E-003
  1.572994514047922E-003  1.464514876294540E-003  1.315360001865849E-003
  1.222056385128286E-003  1.042100725457095E-003  7.769341917405975E-004
  4.288459979717835E-004  0.000000000000000E+000  4.369837369471910E-004
  8.112452159915844E-004  1.123364765840425E-003  1.373939943900504E-003
  1.563580793902915E-003  1.711435232379597E-003  1.902813148729177E-003
  3.826579052178451E-003  4.133181061486994E-003  4.253420481767765E-003
  4.262918826558299E-003  4.221390044005634E-003  4.157301992268689E-003
  4.077012017521117E-003  3.982561853744016E-003  3.872516796504678E-003
  3.757090224448290E-003  3.645417569131616E-003  3.528052266481990E-003
  3.409362148866658E-003  3.287820264938721E-003  3.162008774233337E-003
  3.041147268149154E-003  2.917644455035995E-003  2.789762674676507E-003
  2.670017319711661E-003  2.553397086446340E-003  2.430379696006505E-003
  2.301330354884357E-003  2.172036802693538E-003  2.036980804910324E-003
  1.895744159559823E-003  1.748605801612798E-003  1.720283467733191E-003
  1.691981562308220E-003  1.620058657857401E-003  1.505880710195874E-003
  1.366501075576960E-003  1.261283941304568E-003  1.069763862932442E-003
  7.942648951444995E-004  4.369837369471910E-004  0.000000000000000E+000
  4.449639080369978E-004  8.278902199970406E-004  1.149352640567424E-003
  1.409939817869161E-003  1.610251121472164E-003  1.752044631991299E-003
  3.947851400440552E-003  4.263921743062296E-003  4.387576047616538E-003
  4.405455378140266E-003  4.366492540346039E-003  4.304461140054431E-003
  4.225863325927400E-003  4.134710768241993E-003  4.026689700192793E-003
  3.911718536479903E-003  3.800852162296802E-003  3.685942474203618E-003
  3.567366210367977E-003  3.447281033491816E-003  3.322760021747543E-003
  3.198637674508255E-003  3.076787913416502E-003  2.950430872173049E-003
  2.821206110026954E-003  2.707966002973451E-003  2.588165823692189E-003
  2.462180425545953E-003  2.331466792319786E-003  2.197702447078831E-003
  2.058017941249985E-003  1.912684738337324E-003  1.767041210800952E-003
  1.778529492197907E-003  1.744791198367502E-003  1.667244711657185E-003
  1.547218733714079E-003  1.417429515090171E-003  1.299647721754322E-003
  1.096843238055530E-003  8.112452159915844E-004  4.449639080369978E-004
  0.000000000000000E+000  4.527930928086681E-004  8.442140004451585E-004
  1.174829486321366E-003  1.445219246596613E-003  1.655972142816740E-003
  4.066677451913204E-003  4.395282535874248E-003  4.522261341703197E-003
  4.548227075809766E-003  4.511831502043371E-003  4.451860486705973E-003
  4.374960249506144E-003  4.285293389111655E-003  4.180737010173379E-003
  4.067554639161882E-003  3.955683449888981E-003  3.843346271844045E-003
  3.725556744980436E-003  3.606848010039013E-003  3.483680590701905E-003
  3.356425657317669E-003  3.235922328960564E-003  3.111141828529854E-003
  2.982103753271896E-003  2.861354711963624E-003  2.744845187078070E-003
  2.621998678937597E-003  2.493159456829537E-003  2.359697001160721E-003
  2.221152501850835E-003  2.077206956586615E-003  1.928101465526417E-003
  1.831226754066981E-003  1.837188396321868E-003  1.797813916298547E-003
  1.714480478089808E-003  1.588480897233735E-003  1.467217594813084E-003
  1.337187404454846E-003  1.123364765840425E-003  8.278902199970406E-004
  4.527930928086681E-004  0.000000000000000E+000  4.604774570000880E-004
  8.602297609596343E-004  1.199816491339843E-003  1.479808388009303E-003
  4.186223911097278E-003  4.527258859826969E-003  4.657475533655106E-003
  4.691224085435082E-003  4.657396607393606E-003  4.599489172120066E-003
  4.524291356052321E-003  4.436055059511815E-003  4.334627862636984E-003
  4.223298200791504E-003  4.109859166014704E-003  4.000204434243405E-003
  3.884799557244961E-003  3.766478108068887E-003  3.644723661042656E-003
  3.518733233240144E-003  3.395006973662455E-003  3.271851648632419E-003
  3.144322154898279E-003  3.013514345879763E-003  2.900364042177529E-003
  2.780726422482838E-003  2.654954276746432E-003  2.523329238673429E-003
  2.385537623116100E-003  2.242587554687765E-003  2.094713340032825E-003
  1.942129456496894E-003  1.895910113963856E-003  1.896144064682074E-003
  1.850962868877722E-003  1.761704249269587E-003  1.629626474851159E-003
  1.515918263411851E-003  1.373939943900504E-003  1.149352640567424E-003
  8.442140004451585E-004  4.604774570000880E-004  0.000000000000000E+000
  4.680227853580607E-004  8.759498896228959E-004  1.224333528220733E-003
  4.306611523604962E-003  4.659846094820893E-003  4.793217504145905E-003
  4.834437213622728E-003  4.803178222180728E-003  4.747337072254360E-003
  4.673845999092845E-003  4.587045772883010E-003  4.488334183181316E-003
  4.378917442579157E-003  4.263332184802127E-003  4.156463427952966E-003
  4.043549032812201E-003  3.926132012161973E-003  3.805846479217928E-003
  3.681177502408000E-003  3.554004839532868E-003  3.432520411268682E-003
  3.306546027275983E-003  3.176425889711885E-003  3.054674738885212E-003
  2.938311467375382E-003  2.815673167394420E-003  2.687085055012002E-003
  2.551525563007336E-003  2.409202043029199E-003  2.262185514634044E-003
  2.110684148953653E-003  1.954888985411400E-003  1.960962061322820E-003
  1.955296307536739E-003  1.904163382659546E-003  1.808863263511114E-003
  1.670620975843327E-003  1.563580793902915E-003  1.409939817869161E-003
  1.174829486321366E-003  8.602297609596343E-004  4.680227853580607E-004
  0.000000000000000E+000  4.754345128759261E-004  8.913860255046990E-004
  4.427837598818788E-003  4.793039597362140E-003  4.929485883972550E-003
  4.977857851844459E-003  4.949167338834527E-003  4.895394733231681E-003
  4.823614246897196E-003  4.738255097688113E-003  4.641830403104557E-003
  4.534383375771480E-003  4.420288266274904E-003  4.312074814754235E-003
  4.201750714440561E-003  4.085902938182382E-003  3.967009944118980E-003
  3.843716146543745E-003  3.716359989614969E-003  3.593111756831573E-003
  3.468736290589452E-003  3.340108582509283E-003  3.207735039873152E-003
  3.094707405040634E-003  2.975265489521070E-003  2.849742078449726E-003
  2.718438195195341E-003  2.577390594129790E-003  2.430879815617027E-003
  2.280104725139591E-003  2.125250496005411E-003  1.991146322034943E-003
  2.026270676530016E-003  2.014558578703248E-003  1.957351208635279E-003
  1.855912411721963E-003  1.711435232379597E-003  1.610251121472164E-003
  1.445219246596613E-003  1.199816491339843E-003  8.759498896228959E-004
  4.754345128759261E-004  0.000000000000000E+000  4.827177528696939E-004
  4.549899186999958E-003  4.926834714545116E-003  5.066279087967048E-003
  5.121477926639799E-003  5.095355522277667E-003  5.043653312751088E-003
  4.973586819412593E-003  4.889673294804209E-003  4.794940841982101E-003
  4.689669524263532E-003  4.577346090250136E-003  4.466994728344087E-003
  4.359355172328613E-003  4.245929558283168E-003  4.128178243174748E-003
  4.006310378812281E-003  3.880247469464753E-003  3.753592525540891E-003
  3.630857272968999E-003  3.503763991853003E-003  3.372628455728591E-003
  3.249872975718488E-003  3.133686087394408E-003  3.011287168617422E-003
  2.882984043014527E-003  2.747461757799026E-003  2.601124762441442E-003
  2.450739901314847E-003  2.296486574306493E-003  2.138529642005221E-003
  2.062817424962296E-003  2.091738917516377E-003  2.073856056207735E-003
  2.010471050269884E-003  1.902813148729177E-003  1.752044631991299E-003
  1.655972142816740E-003  1.479808388009303E-003  1.224333528220733E-003
  8.913860255046990E-004  4.827177528696939E-004  0.000000000000000E+000
